1990-91 2000-01 2008-09 2009-10 2010-11 2011-12 2012-13 2013-14 2014-15 2015-16 2016-17
Defence services 15426 49622 114223 141781 154117 170913 181776 203499 218694 224636 249099
Border roads 65 214 881 1185 2421 2206 2275 2192 0 0 0
Interest payments 25006 122792 277638 317287 351145 403235 457550 537468 585714 655143 742792
Tax collection charges 1973 6570 14858 18490 20205 22971 26489 29995 32563 36092 40682
Currency, coinage and mint 259 954 0 0 0 0 0 1 0 0 0
Subscription to IMF 550 629 1444 3654 9051 1613 4323 367 4619 52920 0
Police 5657 21343 51399 67830 77103 89815 101881 115217 128527 145922 163817
External affairs 445 1381 3266 3304 3476 3836 4134 4450 4971 5911 6045
Others 3274 12174 24935 31971 31531 36559 40047 43725 45926 57569 73664
Organs of State 1088 4261 9443 13373 14162 16572 16965 19881 23454 28416 32777
Pension & other retirement benefits 5184 38819 94668 139551 165958 189265 214602 238370 273276 306296 369046
Relief on account of natural calamities 867 3699 7275 7881 7431 13760 10933 16595 17047 38064 23654
Technical & economic cooperation with other countries 140 695 1739 1980 2570 2469 3692 5286 5069 5610 6375
Compensation & assignment to local bodies 847 4710 18701 20709 25688 32035 36562 44383 47499 54883 60251
Food subsidy 2492 12553 46294 62120 67626 76921 90915 99825 125539 151174 144168
Social security & welfare 2448 8382 34544 40053 41902 27066 10654 39343 42976 49962 37260
Railways 1632 3269 9545 16911 18385 20013 24132 27072 30121 32000 45000
Posts & Telecommunications 409 769 406 434 274 234 146 269 150 309 361
Education, art & culture 17378 63756 160275 201151 248790 283229 320040 356279 356854 433465 487904
Scientific services & research 1348 4245 13055 15797 17811 17808 17786 19720 21319 25912 28198
Medical & public health and water supply & sanitation 6564 24360 61056 75672 86510 95073 108338 120757 134374 177287 208166
Family welfare 933 2826 11097 13367 15528 17446 19547 21533 16331 19640 20988
Housing 766 4156 17301 17536 21521 22013 22903 29079 22071 29369 32042
Urban development 771 3816 24340 32407 29700 34105 42225 42707 45467 64205 91464
Broadcasting 608 977 1232 1476 1646 1704 1750 2162 2454 13876 3157
Labour & employment 732 2079 4635 5493 6531 7655 9557 11020 10792 15013 17771
Relief on account of natural calamities 0 19 62 91 45 130 57 369 1265 2001 2683
Social security & welfare 1435 6625 33769 43738 57627 73238 104561 94812 96362 139129 169290
General Economic Services 4992 4361 19822 18204 40031 37710 35711 43310 33087 88981 97369
Crop husbandry 1716 5043 16274 20923 28666 29176 35971 35196 50239 61635 68283
Soil & water conservation 428 1237 2375 2401 3060 3104 3405 3379 4071 6833 6961
Animal husbandry 747 2084 4623 5512 6501 7748 8892 9727 10459 12534 14687
Dairy development 616 1299 1370 1330 1357 1709 2314 2826 2512 3264 3352
Food storage & warehousing 178 489 875 1148 1181 1476 1574 4163 4318 4597 4385
Rural development 5147 14729 73438 74158 83599 85015 91193 97765 111408 155342 220065
Industry & minerals less DCUs 3847 6762 25033 37058 66144 97328 124512 114994 92349 67040 73028
Fertiliser subsidy 4400 13811 76602 61264 62301 70792 65613 70933 71076 72438 70000
Major & medium irrigation 3278 12071 32684 34606 34670 36328 38514 38281 40398 53553 76309
Minor irrigation 1482 2889 7634 10094 12126 13045 12773 12428 12911 17212 19254
Power projects 4071 16938 51714 50183 51618 69363 87763 96981 123767 176525 172616
Roads & bridges 3489 19374 63722 74389 95322 96797 95966 120527 126087 159619 183954
Civil aviation 29 231 878 2019 2591 2161 7159 7080 6798 3841 2390
Ports, light houses & shipping 190 861 1353 1325 1596 1355 1325 1646 1764 2139 2282
Public works 1371 4007 9791 12825 15413 14896 17027 18813 20142 26218 29666